
Activity Name: RopeSkipping/whc
Left,Front
2014-09-29 10:34:53
x	y	z
-0.6195	0.4013	0.7129
-0.6166	0.3758	0.6950
-0.6468	0.3692	0.6884
-0.6468	0.3352	0.7092
-0.6837	0.3503	0.6941
-0.8404	0.3286	0.6534
-0.8839	0.3588	0.7432
-0.8234	0.3787	0.6799
-0.7705	0.4079	0.6232
-0.7677	0.4788	0.6025
-0.7790	0.5467	0.5619
-0.8130	0.7025	0.5212
-0.7904	0.8763	0.4863
-0.7554	1.0510	0.4306
-0.6969	1.0661	0.2871
-0.5760	1.1105	0.2125
-0.4504	1.0661	0.1237
-0.2993	1.0576	0.0434
-0.1889	0.8876	0.0718
-0.0803	0.5581	0.0595
-0.0151	0.3957	0.0746
-0.0047	0.5099	0.1945
-0.0944	0.5826	0.1813
-0.2266	0.6874	0.2096
-0.3333	0.8225	0.2748
-0.4013	0.5921	0.6412
-0.4958	0.6903	0.9141
-0.3588	0.8791	0.7630
-0.2616	1.0831	0.4108
-0.3097	0.9452	0.4797
-0.3494	0.7790	0.6261
-0.3966	0.7280	0.5968
-0.4127	0.7177	0.5770
-0.4353	0.5628	0.6270
-0.4023	0.6308	0.4145
-0.3749	0.9896	0.3333
-0.2540	1.0992	0.3399
-0.3107	1.0113	0.3541
-0.4986	0.5345	0.6459
-0.4703	0.7092	0.6733
-0.3211	0.6412	0.3551
-0.1983	0.6978	0.2370
-0.1681	0.5817	0.1058
-0.1586	0.6459	-0.0755
-0.1634	1.0434	-0.2606
-0.1445	1.2502	-0.4381
-0.1832	0.9178	-0.7469
-0.0897	0.7715	-0.8196
-0.1360	0.7507	-0.6346
-0.2531	0.7469	-0.4684
-0.2691	0.8527	-0.4759
-0.2653	0.8829	-0.5052
-0.2493	0.9528	-0.4381
-0.2153	0.8801	-0.3702
-0.1955	0.8338	-0.3796
-0.2153	0.9273	-0.3768
-0.2389	0.9330	-0.3059
-0.1804	1.0425	-0.2493
-0.1398	1.0642	-0.1294
-0.1067	0.9481	-0.2276
0.0283	0.9726	-0.4268
0.2266	1.0302	-0.4325
0.3211	1.0359	-0.4504
0.3088	1.0831	-0.3399
0.1737	0.9783	-0.2908
0.0482	0.8990	-0.1445
-0.0340	0.8725	-0.1095
-0.0642	0.7970	-0.0944
-0.0982	0.7517	0.0113
-0.1209	0.6629	0.0755
-0.1067	0.5364	0.0784
-0.0340	0.5401	0.2049
-0.0047	0.6110	0.2446
-0.0227	0.6478	0.2568
-0.0576	0.6336	0.1945
-0.0897	0.8310	0.2144
-0.1483	0.8697	0.0368
-0.1558	1.0349	0.0595
-0.2606	1.0000	-0.2285
-0.2965	1.0538	-0.3211
-0.2531	1.1218	-0.3796
-0.2229	0.8404	-0.4958
-0.1398	0.8395	-0.6015
-0.0793	0.9443	-0.7450
-0.1048	1.0415	-0.7790
-0.2087	1.0274	-0.6119
-0.3947	1.0113	-0.5279
-0.4457	1.0425	-0.4249
-0.4721	0.9934	-0.5052
-0.4958	0.9500	-0.6289
-0.5968	0.7668	-0.6771
-0.7328	0.6704	-0.5411
-0.6818	0.6808	-0.3333
-0.4278	0.3768	-0.4986
-0.3409	0.5855	-0.3853
-0.3116	0.6780	-0.2493
-0.3163	0.7432	-0.3739
-0.4117	0.8083	-0.3588
-0.4023	0.9603	-0.4721
-0.3211	1.0340	-0.3447
-0.2993	0.9500	-0.4164
-0.2720	0.7280	-0.3447
-0.3267	0.6704	-0.2342
-0.4297	0.7517	-0.2040
-0.4381	0.8574	-0.2351
-0.4249	0.8272	-0.2890
-0.2908	1.0255	-0.3928
-0.0321	0.9660	-0.4542
-0.0151	0.9207	-0.4268
-0.0293	0.9471	-0.3824
-0.4381	0.7177	-0.0973
-0.5534	0.7960	-0.0085
-0.5430	0.9065	-0.0076
-0.5212	0.7290	-0.0378
-0.5562	0.4986	-0.0076
-0.6383	0.6336	0.1388
-0.7177	0.8527	-0.0878
-0.6884	0.9443	-0.2663
-0.7016	0.9018	-0.4164
-0.6346	0.7186	-0.4986
-0.6015	0.5647	-0.5137
-0.6591	0.5505	-0.5156
-0.6346	0.5288	-0.5675
-0.6355	0.5902	-0.4986
-0.6686	0.6185	-0.3636
-0.7290	0.6657	-0.3560
-0.7195	0.6525	-0.3041
-0.7328	0.6459	-0.2238
-0.7365	0.6610	-0.1662
-0.7139	0.6978	-0.1445
-0.7262	0.6714	-0.1596
-0.7394	0.6157	-0.1105
-0.7715	0.6100	-0.1228
-0.8093	0.5996	-0.1029
-0.8319	0.6374	-0.0793
-0.8857	0.6478	-0.1048
-0.9688	0.6648	-0.1152
-0.9679	0.6497	-0.1228
-0.8130	0.6308	-0.0604
-0.6742	0.6034	-0.0274
-0.6534	0.6657	-0.0085
-0.4731	0.7214	0.0283
-0.3560	0.7847	0.0208
-0.5382	0.9065	-0.0274
-0.6015	0.9377	-0.0444
-0.5609	0.9046	-0.0642
-0.5307	0.8187	-0.0727
-0.5061	0.7960	-0.0689
-0.5127	0.8272	-0.0670
-0.5411	0.8442	-0.0151
-0.5024	0.7564	0.0453
-0.4825	0.7998	0.0359
-0.4976	0.8942	0.0151
-0.5430	0.9433	-0.0236
-0.5855	0.8839	0.0066
-0.6185	0.6412	-0.0076
-0.6081	0.5430	0.0973
-0.5656	0.7110	-0.0397
-0.5449	0.7998	-0.0038
-0.5552	0.8829	0.1284
-0.5279	0.9150	0.0888
-0.4976	1.0652	-0.0227
-0.3588	1.0604	-0.0151
-0.1586	1.1190	-0.0217
-0.0047	1.0803	0.0113
-0.0604	0.9821	-0.0189
-0.1360	1.0047	-0.1105
-0.1095	0.9802	-0.1143
-0.1029	0.8366	-0.0689
-0.1511	0.7365	-0.0236
-0.2210	0.5364	0.0661
-0.3900	0.2446	0.1964
-0.8499	0.2257	0.2984
-1.2625	0.5968	0.2266
-1.4476	0.8829	0.1001
-1.5977	1.2521	-0.1974
-1.5307	1.8310	-0.6846
-1.2493	1.9330	-1.2814
-0.7262	1.9330	-1.8971
-0.4910	1.6884	-1.9339
-0.5156	1.2597	-1.9339
-0.5581	0.4212	-1.7394
-0.6893	0.2502	-1.4778
-0.8499	-0.3239	-1.1124
-1.2021	-1.0916	-1.1558
-1.5902	-1.7450	-0.7195
-1.7923	-1.3872	0.0869
-1.5760	-0.4070	0.9981
-1.3484	0.9811	1.4636
-1.3872	1.9330	1.9330
-1.9339	1.6846	0.9027
-1.9339	1.4212	0.3853
-1.2474	1.8196	-0.4268
-0.2002	1.9150	-0.6383
0.0529	1.9330	-1.1303
-1.3673	1.9330	-1.0944
-1.1926	1.3513	-0.5713
-0.1284	0.3475	-0.1671
-0.0954	-0.2229	-0.5524
-0.2965	-1.5146	0.1360
-0.7394	-0.8810	0.6761
-1.3636	0.1020	1.1785
-1.9339	1.2993	0.3201
-1.7460	0.9934	0.8999
-0.7564	1.2351	-0.7290
-0.3815	1.8716	-1.0765
-0.9386	1.7658	-1.4023
-0.7894	1.5212	-0.6383
-0.1256	0.7856	-0.7677
0.5071	-0.3966	-0.2380
0.0907	-0.6421	0.4410
-0.3900	-0.2757	0.7734
-1.7035	0.3588	0.6185
-1.9339	1.0859	1.3862
-1.6629	0.9367	0.3541
-0.4353	1.9330	-0.9849
-0.2304	1.3551	-1.2625
-1.0293	1.3966	-0.8924
-0.5250	1.0992	-0.1681
0.3588	-0.0869	-0.1407
0.6421	-0.4570	0.4070
0.1473	-0.2956	0.7564
-0.5109	-0.2266	0.7318
-1.9339	1.1870	0.8772
-1.8697	1.1331	0.6553
-1.0094	0.8754	0.2748
-0.4769	1.7082	-0.9858
-0.6091	1.5411	-1.1001
-1.2257	1.4570	-0.8999
-0.2644	1.0661	-0.0944
0.5316	-0.3673	-0.1133
0.5770	-0.5637	0.8121
-0.3484	-0.4533	0.8999
-1.3919	0.3088	1.0500
-1.9339	1.4948	0.9811
-1.4438	1.0415	0.2304
-0.8395	1.9330	-0.8470
-0.2389	1.6837	-1.1171
-0.9103	1.3711	-0.7365
-0.5637	1.0085	0.0661
0.0387	0.2984	-0.2568
0.4618	-0.3390	0.2984
0.2956	-0.5590	0.7101
-0.3900	-0.2861	1.0009
-1.9339	0.9547	0.9849
-1.9339	1.1624	0.5165
-1.4740	1.5543	0.0208
-0.1709	1.9330	-0.9377
-0.7517	1.7734	-1.1473
-1.2710	1.2625	-0.4920
-0.1671	0.5250	0.4976
0.4646	-0.6534	0.0378
0.5590	-0.7299	1.0198
-0.0680	-0.2191	1.3362
-0.6468	0.4986	1.4457
-1.9339	1.2049	0.4230
-1.9339	1.2446	0.5203
-1.1756	1.9330	-0.5146
0.0708	1.9320	-1.2125
-0.7771	1.3664	-1.1020
-0.9603	0.5392	-0.0302
-0.0916	0.1105	0.2946
0.6251	-0.7422	0.5770
0.6110	-0.5751	0.8621
-0.3097	0.1435	1.1256
-1.3305	0.5222	0.9707
-1.9339	1.3900	0.5902
-1.6157	1.1690	0.0935
-0.3702	1.8744	-0.6412
0.0331	1.4381	-1.1719
-1.2927	1.7403	-0.9707
-0.8886	0.8347	-0.0302
0.0142	-0.0992	0.0208
0.4344	-0.3919	0.1719
0.6110	-0.5137	0.5600
-0.3664	0.1086	0.5430
-1.4353	0.2229	0.7705
-1.9339	0.8140	1.1360
-1.6015	1.4797	0.8801
-0.4693	1.4032	0.1058
-0.2861	1.6251	-0.9037
-1.0765	1.7535	-0.9830
-0.7290	0.8829	-0.2200
-0.0907	0.1294	-0.1605
0.5288	-0.6015	0.1086
0.3739	-0.5052	0.8876
-0.3560	0.0331	1.0302
-1.5760	0.4230	1.1105
-1.9339	1.1483	1.0387
-1.4967	1.1161	0.5779
-0.5373	1.9330	-0.9556
-0.2502	1.4183	-1.3541
-1.1520	1.0576	-0.8924
-0.4769	0.5099	0.2720
0.1615	-0.3211	0.1350
0.5883	-0.4419	0.6988
0.4306	-0.5486	0.9736
-0.3069	0.0670	1.0340
-1.9160	1.2701	1.1700
-1.9339	1.0859	0.7517
-1.6364	0.7781	0.3503
-0.7318	1.9330	-0.9330
-0.1907	1.8093	-1.1870
-1.2389	1.4485	-0.8102
-0.5902	0.4976	0.2871
0.2077	-0.2389	-0.0085
0.2984	-0.4570	0.3777
0.4315	-0.5600	0.7611
-0.2993	-0.0803	0.6874
-1.6402	0.4523	1.0179
-1.9339	0.8999	1.1086
-1.6015	0.9632	0.5741
-0.5892	1.9330	-0.5080
-0.1445	1.5042	-1.1076
-1.3012	1.8565	-0.7781
-0.6506	0.9481	0.1086
-0.1586	0.3692	-0.0765
0.3088	-0.4457	0.0670
0.3324	-0.5279	0.7838
-0.3843	-0.1029	0.6110
-1.5534	0.2729	0.9518
-1.9339	0.4740	0.8905
-1.5382	1.3144	0.6478
-0.9254	1.8914	-0.2380
-0.7743	1.9330	-1.0246
-1.2757	1.8017	-0.7139
-0.6761	0.4495	-0.0992
0.5024	0.1775	0.3909
0.1974	-0.4958	0.3777
0.1048	-0.4806	0.9556
-0.2805	-0.3211	0.8829
-1.2880	0.3390	1.4136
-1.9339	0.5543	1.2446
-1.9339	1.1747	0.3702
-0.8319	1.9330	-0.8366
-0.1558	1.7186	-1.2625
-1.3938	1.6874	-0.6771
-0.5855	0.7630	0.1841
0.2653	-0.2210	0.2323
0.2474	-0.1964	0.2559
0.2408	-0.3739	0.5977
-0.1492	-0.2436	0.4901
-1.3569	0.5798	1.0047
-1.9339	0.7696	1.1898
-1.6893	0.8215	0.7554
-1.0038	1.6327	-0.0916
-0.5203	1.8347	-0.6459
-1.0784	1.8499	-0.7743
-0.8933	1.1322	-0.3399
0.1870	0.5364	0.0283
0.4410	-0.4240	0.2257
0.1955	-0.4249	0.8121
-0.0415	-0.0840	1.0151
-1.1775	0.3277	0.8914
-1.9339	0.9811	1.4164
-1.5184	1.0576	0.8517
-0.8952	1.3503	-0.2965
-0.5203	1.8423	-1.2077
-1.1577	1.7403	-1.1728
-0.9037	0.9896	-0.2795
0.1945	0.3012	0.3787
0.4561	-0.4164	0.3229
0.2323	-0.3173	0.7082
-0.1379	-0.2304	0.8678
-0.9660	0.4108	0.9736
-1.9339	1.1483	1.1360
-1.6110	0.9518	1.0803
-1.3371	1.6468	0.0680
-0.3163	1.9330	-0.2049
-0.8423	1.9330	-0.5307
-0.8829	1.4079	-0.2965
-0.0548	0.5552	0.4013
0.2200	-0.0755	0.2625
-0.0113	-0.2049	0.5127
0.1624	-0.3390	0.8225
-0.6431	0.2021	0.6676
-1.8499	0.6497	1.1171
-1.9339	1.5477	0.8083
-1.2247	1.6327	0.1501
-0.3409	1.9330	-0.5109
-0.3211	1.5184	-1.0387
-1.0246	1.4684	-0.7611
-0.4570	0.8593	-0.1907
0.2115	0.1813	0.2984
0.1473	-0.1275	0.3352
-0.0680	-0.0302	0.9178
-0.3598	-0.3409	0.8187
-1.3305	0.0236	0.8149
-1.9339	0.9433	1.1360
-1.6742	1.2823	0.5316
-0.6619	1.7252	-0.2115
-0.6204	1.9330	-0.8178
-1.2162	1.9330	-1.0085
-0.7139	1.3890	-0.2890
0.1048	0.7129	0.4457
0.1114	-0.0604	0.0963
-0.2162	-0.1331	0.4523
-0.2125	-0.2436	0.6025
-0.9556	0.0992	0.8310
-1.9339	0.7838	1.4618
-1.6695	1.0567	1.2021
-1.2578	1.8064	-0.1483
-0.5326	1.8244	-0.5940
-0.7337	1.4079	-0.9679
-0.5703	0.8640	-0.3890
0.0595	-0.1246	0.0368
0.1020	-0.7195	0.2200
-0.1426	-0.1001	0.6478
-0.7932	0.7158	0.9585
-1.0510	1.5921	1.0387
-0.8300	1.8008	0.9405
-0.1246	1.4731	0.6412
0.2927	1.0689	0.2729
0.2833	0.9471	0.0113
0.1086	0.8839	0.0482
-0.2616	0.8716	0.0151
-0.8102	0.8697	0.1048
-1.0765	1.0340	0.3305
-0.9707	0.8820	0.2625
-0.8980	0.7082	0.1974
-0.8055	0.7384	0.2672
-0.7526	0.7705	0.3116
-0.7101	0.7639	0.2720
-0.7800	0.7460	0.1889
-0.8621	1.1143	0.1398
-0.8347	0.7923	0.0831
-0.6723	0.4542	0.1955
-0.7139	0.5770	0.2191
-0.8206	0.4060	0.3050
-0.8130	0.2653	0.3428
-0.7639	0.7488	0.3088
-0.6610	0.5250	0.5165
-0.5902	0.3843	0.4618
-0.5515	0.9367	0.3258
-0.4004	0.8225	0.4306
-0.4655	0.6270	0.7054
-0.5581	0.7668	0.7025
-0.5061	0.5656	0.5449
-0.1804	0.6308	0.4306
0.3541	0.8083	0.3739
0.2701	0.9065	0.1341
0.1067	1.1568	0.1851
-0.1483	1.2323	0.3286
-0.3673	0.9056	0.4523
-0.3541	0.9027	0.5883
-0.3258	0.8036	0.2295
-0.2493	0.7970	0.0633
-0.2880	0.9736	0.0113
-0.3720	0.9556	0.2710
-0.3947	0.6110	0.5269
-0.3494	0.5619	0.3928
-0.2937	0.6638	0.3654
-0.1851	0.6714	0.2493
-0.2880	0.7762	0.1690
-0.4570	0.9849	0.2181
-0.7186	1.0038	0.2701
-0.8905	0.9301	0.4193
-0.9745	1.1407	0.4825
-0.8225	1.1549	0.4599
-0.6846	0.9481	0.2720
-0.6119	0.6553	0.2578
-0.5449	0.9518	0.0453
-0.5562	1.0869	0.1690
-0.4806	0.8376	0.2446
-0.4995	1.0680	0.1813
-0.4769	1.3428	0.4363
-0.4164	1.0028	0.5165
-0.4193	0.7441	0.4825
-0.4042	0.7280	0.4042
-0.3551	0.6752	0.2786
-0.2125	0.6072	0.2568
-0.3116	0.6308	0.3182
-0.4457	0.6629	0.3957
-0.4929	0.8527	0.4816
-0.3787	0.9065	0.4372
-0.2087	0.8546	0.3258
-0.1143	0.7394	0.2115
-0.0151	0.7129	0.0510
0.2115	1.1870	-0.0548
0.1870	0.9896	0.0595
-0.0349	0.9830	0.4674
-0.1511	0.8621	0.7318
-0.1936	0.4230	0.5770
0.0076	0.2153	0.2181
0.3050	0.4155	0.0670
0.5770	1.3824	0.1171
0.1813	1.6043	-0.0425
-1.4580	1.0302	1.0057
-1.1822	-0.7828	0.8687
-0.4476	0.1624	0.7545
-0.8376	0.1955	1.0803
-0.5902	0.1473	0.6298
-0.5600	0.0519	0.8121
-0.6950	-0.0614	1.0567
-0.6487	-0.0113	0.9754
-0.5562	0.0992	0.7913
-0.5515	0.1917	0.8754
-0.5562	0.1265	0.8640
-0.5552	0.0812	0.8725
-0.6582	0.0208	0.8036
-0.7271	-0.0755	0.5373
-0.6195	-0.0312	0.7545
-0.6289	0.0670	0.8111
-0.7148	-0.1218	0.6978
-0.7743	-0.1143	0.5855
-0.7167	-0.0699	0.5921
-0.7422	-0.0925	0.6676
-0.7677	-0.1936	0.6638
-0.7110	-0.1124	0.6449
-0.8848	-0.1785	0.4533
-0.7488	-0.1936	0.7233
-0.7677	-0.1728	0.6686
-0.7771	-0.0755	0.5467
-0.8584	-0.2049	0.5855
-0.7790	-0.1511	0.6648
-0.6468	-0.1775	0.6799
-0.8376	-0.2030	0.6034
-0.9065	-0.2125	0.5345
-0.7630	-0.2540	0.4901
-0.7979	-0.2408	0.5392
-0.7602	-0.0444	0.6176
-0.7875	-0.2559	0.6034
-0.8168	-0.2833	0.4514
-0.8621	-0.1124	0.4589
-0.8074	-0.1171	0.4920
-0.8281	-0.2049	0.5430
-0.8357	-0.2691	0.4155
-0.8347	-0.2729	0.3909
-0.8763	-0.2134	0.4164
-0.9056	-0.2691	0.4891
-0.8480	-0.4353	0.4759
-0.8735	-0.2606	0.5042
-0.8234	0.1095	0.5194
-0.8178	-0.1964	0.3050
-0.8206	-0.3824	0.1813
-0.7998	-0.1284	0.2984
-0.9065	0.0255	0.4457
-0.9821	-0.0944	0.4665
-0.9934	-0.1983	0.4684
-0.9160	-0.1964	0.4636
-0.8772	-0.1435	0.4665
-0.8385	-0.0916	0.4712
-0.7743	-0.0869	0.4438
-0.7016	-0.0463	0.3890
-0.5439	0.0142	0.3126
-0.5411	0.1143	0.2531
-0.5590	0.2181	0.3154
-0.8612	0.3097	0.3088
-0.9991	0.2786	0.2276
-1.0312	0.3173	0.2946
-1.0850	0.2805	0.2021
-1.0123	0.1992	0.3881
-0.9603	0.2077	0.5581
-0.9216	0.4372	0.8083
-0.8300	0.5732	0.9197
-0.7517	0.8725	0.9877
-0.5685	0.6223	1.3277
-0.3220	0.3966	0.8999
0.1369	0.6119	0.8461
0.1350	0.9348	0.6563
-0.0123	0.6988	0.7620
-0.2436	0.6648	0.7479
-0.4004	0.6978	0.8310
-0.2106	0.7318	0.7970
-0.0236	0.5137	0.7885
-0.0727	0.4495	0.7620
-0.1785	0.4533	0.6912
-0.2153	0.6100	0.7139
-0.1822	0.6147	0.8602
-0.2191	0.5430	0.9452
-0.1822	0.4759	0.9358
-0.1964	0.4457	0.9046
-0.2483	0.3919	0.8621
-0.2304	0.4561	0.8234
-0.1322	0.6110	0.7923

Activity Name:  Situps/whc
Left,Front
2014-09-02 10:50:35
x	y	z
-0.242	0.478	0.944
-0.204	0.476	0.894
-0.204	0.476	0.894
-0.204	0.476	0.894
-0.204	0.476	0.894
-0.204	0.476	0.894
-0.204	0.476	0.894
-0.204	0.476	0.894
-0.204	0.476	0.894
-0.006	0.966	0.432
-0.014	0.95	0.442
-0.02	0.948	0.428
-0.01	0.966	0.39
-0.004	0.964	0.396
-0.01	0.958	0.41
-0.002	0.954	0.41
0.012	0.968	0.416
-0.008	0.972	0.406
-0.022	0.962	0.394
-0.016	0.97	0.394
-0.026	0.958	0.4
-0.016	0.954	0.396
0.024	0.96	0.392
-0.012	0.938	0.422
0.03	0.914	0.424
0.068	0.818	0.484
-0.082	0.802	0.544
-0.01	0.78	0.414
0.052	0.756	0.602
0.224	0.746	0.734
0.292	0.676	0.572
0.148	0.692	0.602
0.122	0.666	0.724
0.086	0.62	0.7
-0.062	0.546	0.704
-0.118	0.576	0.658
-0.142	0.668	0.614
-0.272	0.846	0.564
-0.212	0.992	0.61
0.02	1.006	0.53
0.056	1.008	0.63
0.236	0.948	0.688
0.254	0.874	0.562
0.056	0.954	0.756
0.508	0.586	1.152
0.582	0.334	1.194
0.396	0.416	0.964
0.398	0.41	0.892
0.274	0.38	1.042
0.214	0.386	0.994
0.23	0.408	0.9
0.16	0.366	0.782
0.244	0.298	0.754
0.356	0.334	0.736
0.58	0.35	0.702
0.652	0.344	0.912
0.728	0.324	1.016
0.63	0.268	0.87
0.534	0.222	0.836
0.46	0.224	0.804
0.558	0.246	0.688
0.492	0.28	0.838
0.458	0.23	0.828
0.556	0.318	0.76
0.554	0.208	0.728
0.5	0.214	0.786
0.584	0.19	0.832
0.55	0.228	0.814
0.652	0.15	0.818
0.614	0.15	0.764
0.622	0.154	0.718
0.462	0.174	0.614
0.308	0.1	0.55
0.14	0.11	0.558
0.252	-0.15	1.484
-0.216	-0.1	1.416
-0.382	-0.044	0.988
-0.036	-0.254	1.326
-0.154	-0.306	1.62
-0.032	-0.142	0.514
-0.096	-0.186	0.956
-0.49	-0.258	1.206
-0.562	-0.316	0.82
-0.5	-0.342	0.874
-0.206	-0.32	1.226
-0.104	-0.32	1.582
0.326	-0.466	1.434
0.766	-0.318	1.158
0.868	-0.226	1.074
0.932	-0.244	0.94
0.722	-0.274	0.624
0.718	-0.294	0.486
0.662	-0.528	0.004
0.586	-0.502	-0.054
0.558	-0.638	-0.078
0.582	-0.878	0.048
0.642	-0.934	0.04
0.642	-0.92	0.01
0.686	-1.004	0.066
0.696	-1.114	0.12
0.982	-1.3	0.138
1.386	-1.478	0.152
1.964	-1.552	0.198
2.084	-1.244	0.114
1.93	-0.878	0.216
1.854	-0.588	0.374
1.708	0.004	0.514
1.568	0.636	0.676
1.558	0.696	0.78
1.542	0.606	0.932
1.56	0.142	0.966
1.502	-0.464	0.802
1.508	-0.972	0.862
1.636	-1.33	0.85
2.094	-2	0.648
1.976	-1.968	0.514
1.756	-1.662	0.558
1.736	-1.526	0.446
1.594	-1.21	0.404
1.206	-0.818	0.284
0.76	-0.502	0.398
0.606	-0.318	0.374
0.518	-0.158	0.344
0.22	0.044	0.41
0.084	0.294	0.39
0	0.388	0.422
-0.048	0.45	0.49
0.04	0.432	0.668
0.128	0.42	0.872
0.064	0.396	0.88
0.092	0.478	0.95
0.072	0.47	0.914
0.082	0.508	0.932
0.146	0.57	0.912
0.204	0.556	0.974
0.176	0.552	0.934
0.14	0.526	0.89
0.216	0.584	0.816
0.308	0.436	0.792
0.154	0.598	0.89
0.324	0.426	1.046
0.35	0.298	0.86
0.268	0.4	0.67
0.326	0.468	0.506
0.768	0.408	0.738
0.144	0.326	0.62
0.14	0.45	0.946
0.118	0.334	0.934
0.068	0.344	0.934
0.172	0.45	0.972
0.112	0.436	0.998
0.116	0.506	1.05
0.068	0.446	1.052
0.124	0.49	0.902
-0.02	0.568	0.836
0.01	0.57	0.882
0.008	0.522	0.948
0.04	0.514	1.102
0.06	0.454	1.404
0.2	0.644	1.142
0.242	0.816	0.836
0.488	0.69	0.59
1.036	0.362	0.18
1.172	0.206	-0.284
0.942	0.268	-0.186
0.97	0.322	-0.07
1.066	0.546	0.092
0.152	0.914	0.446
-0.324	1.456	0.71
-0.324	1.456	0.71
-0.494	1.922	0.9
-0.168	1.68	0.734
0.214	1.036	0.304
0.33	0.828	0.214
0.828	0.546	0.082
1.24	0.31	-0.248
1.494	0.254	0.088
1.7	0.068	-0.052
1.16	0.43	-0.144
0.614	0.858	0.068
0.258	1.272	0.374
-0.006	1.672	0.618
-0.204	1.662	0.524
-0.186	1.252	0.328
-0.04	0.752	0.1
0.058	0.456	-0.09
0.074	0.404	-0.094
0.254	0.3	0.116
0.514	0.216	0.35
0.806	0.184	0.222
0.978	0.066	0.02
1.436	-0.28	0.166
1.752	-0.44	0.844
1.614	-0.326	0.772
1.524	-0.306	0.278
1.618	-0.428	0.058
1.632	-0.504	-0.114
1.5	-0.416	-0.364
1.22	-0.298	-0.348
1.278	-0.244	-0.284
1.49	-0.088	-0.252
1.634	0.012	-0.1
1.862	0.14	-0.02
1.774	0.284	-0.072
1.438	0.198	-0.052
1.318	-0.128	-0.03
1.294	-0.342	0.07
1.334	-0.452	0.068
1.558	-0.6	0.002
1.682	-0.66	-0.034
1.676	-0.558	0.012
1.334	-0.528	0.092
1.1	-0.398	0.13
0.916	-0.266	0.246
0.75	-0.11	0.314
0.588	0.046	0.254
0.46	0.226	0.3
0.244	0.438	0.402
0.3	0.57	0.474
0.3	0.57	0.474
0.23	0.576	0.41
0.196	0.534	0.396
0.194	0.484	0.366
0.272	0.36	0.238
0.3	0.12	0.024
0.512	-0.034	0.088
0.89	-0.27	0.368
1.25	-0.468	0.47
1.768	-0.69	0.346
2.008	-0.546	0.202
1.706	-0.29	0.128
1.496	-0.186	0.126
1.356	-0.2	0.07
1.114	-0.19	-0.004
1.004	-0.146	-0.074
0.992	-0.062	-0.074
1.02	-0.01	-0.03
1.076	0.02	0.046
1.194	0.086	0.124
1.288	0.084	0.12
1.372	0.056	0.108
1.364	-0.016	0.068
1.496	-0.238	0.072
1.534	-0.266	0.13
1.468	-0.242	0.178
1.404	-0.288	0.224
1.314	-0.356	0.144
1.172	-0.39	0.084
1.05	-0.402	0.07
0.888	-0.358	0.098
0.714	-0.278	0.122
0.606	-0.178	0.154
0.64	-0.078	0.234
0.676	-0.056	0.34
0.648	-0.068	0.386
0.584	-0.068	0.418
0.57	-0.054	0.412
0.654	-0.042	0.384
0.766	-0.094	0.316
0.932	-0.172	0.234
1.238	-0.2	0.098
1.496	-0.296	-0.054
1.554	-0.33	-0.094
1.382	-0.076	0.038
1.246	0.024	0.184
1.232	0.006	0.156
1.13	-0.06	0.04
1.014	-0.08	0.016
0.914	-0.068	-0.024
0.878	-0.072	-0.01
0.932	-0.074	0.022
0.922	-0.08	0.05
0.932	-0.11	0.04
0.952	-0.164	-0.012
0.936	-0.22	-0.026
0.952	-0.228	-0.022
0.946	-0.238	0.012
0.92	-0.198	0.046
1.072	-0.19	-0.002
1.33	-0.276	-0.068
1.272	-0.032	0.034
1.298	0.078	0.124
1.236	-0.13	0.02
1.158	-0.29	-0.042
1.076	-0.348	-0.038
0.982	-0.332	-0.026
0.9	-0.272	-0.026
0.816	-0.246	-0.022
0.79	-0.264	-0.034
0.75	-0.256	-0.052
0.726	-0.24	-0.052
0.722	-0.238	-0.04
0.73	-0.23	-0.04
0.762	-0.262	-0.03
0.91	-0.328	-0.02
1.056	-0.376	-0.018
1.192	-0.41	-0.01
1.448	-0.486	0.038
1.526	-0.482	0.056
1.386	-0.35	0.07
1.26	-0.16	0.096
1.154	-0.102	0.088
0.998	-0.13	0.014
0.924	-0.22	-0.024
0.822	-0.306	0
0.718	-0.336	0.004
0.64	-0.426	-0.032
0.564	-0.554	-0.112
0.632	-0.694	-0.284
0.746	-0.674	-0.376
0.708	-0.656	-0.41
0.69	-0.676	-0.26
0.774	-0.778	-0.12
0.812	-0.818	0.024
0.882	-0.842	0.094
0.896	-0.872	-0.032
0.888	-0.928	-0.308
0.956	-0.638	-0.282
0.834	-0.582	-0.244
0.734	-0.556	-0.258
0.714	-0.524	-0.184
0.856	-0.57	-0.082
0.974	-0.634	-0.046
1.076	-0.626	0.086
0.942	-0.624	0.23
0.88	-0.558	0.214
0.836	-0.492	0.148
0.818	-0.462	0.192
0.736	-0.47	0.19
0.704	-0.444	0.13
0.704	-0.342	0.05
0.678	-0.308	-0.05
0.788	-0.47	-0.17
0.998	-0.65	-0.228
1.046	-0.558	-0.116
1.24	-0.552	-0.082
1.412	-0.366	-0.034
1.44	-0.154	0.01
1.306	-0.088	0.094
1.13	-0.116	0.098
1.062	-0.126	0.132
1.11	-0.088	0.15
1.13	-0.154	0.218
1.064	-0.272	0.414
1.036	-0.138	0.622
0.856	-0.282	0.846
0.592	-0.156	0.89
0.464	-0.052	0.714
0.17	0.108	0.56
0.118	0.192	0.648
0.08	0.232	0.51
0.1	0.26	0.458
0.388	0.16	0.49
0.396	0.174	0.214
0.366	0.24	0.18
0.412	0.162	0.524
0.554	0.02	0.74
0.642	0.05	0.794
0.824	0.058	0.614
0.876	0.12	0.35
0.872	0.146	0.43
0.98	0.134	0.53
0.982	0.168	0.524
0.852	0.148	0.704
0.842	0.084	0.878
0.828	0.074	0.816
0.72	0.022	0.734
1.05	0.12	0.538
1.044	0.202	0.504
1.086	0.27	0.598
1.4	0.256	0.754
1.752	0.414	0.55
1.804	0.546	0.318
2.08	0.244	0.212
1.984	0.01	0.13
1.4	-0.56	0.078
0.998	-0.488	0.51
0.608	-0.184	0.668
-0.104	0.04	0.344
-0.36	0.236	0.024
-0.332	0.822	-0.318
-0.03	1.026	0.084
0.44	0.81	1.306
0.144	0.764	1.82
-0.32	0.782	0.974
-0.888	0.952	0.892
0.704	0.92	1.3
2.28	1.12	1.778
0.132	0.116	0.57
-0.12	0.154	0.586
0.42	0.562	0.842
1.032	1.038	1.23
0.666	0.736	0.726
0.328	0.692	0.108
0.354	0.802	-0.066
0.564	0.836	-0.146
0.616	1.002	-0.22
0.578	1.022	-0.106
0.394	0.968	0.076
0.322	0.846	0.322
0.328	0.838	0.592
0.242	0.624	0.658
0.182	0.598	0.886
0.298	0.604	0.862
0.386	0.622	0.836
0.322	0.6	0.75
0.36	0.67	0.62
0.314	0.744	0.592
0.348	0.728	0.534
0.408	0.874	0.424
0.506	0.906	0.43
0.318	0.804	0.306
0.426	0.852	0.252
0.45	0.946	0.342
0.418	0.874	0.364
0.462	0.8	0.322
0.426	0.9	0.518
0.47	0.8	0.43
0.42	0.784	0.412
0.436	0.91	0.456
0.834	1.012	0.378
1.022	1.1	0.24
1.08	1.226	-0.01
1.7	1.464	-0.254
1.5	1.248	-0.382
1.486	1.03	-0.378
1.468	0.77	-0.318
1.092	0.328	-0.1
0.802	0.086	-0.21
0.416	-0.164	-0.298
0.262	-0.328	-0.14
0.112	-0.672	-0.058
0.108	-1.14	0.052
0.092	-1.468	0.098
0.114	-1.702	0.152
0.266	-2.016	0.1
0.188	-2.184	-0.08
0.216	-1.976	-0.026
0.49	-1.812	0.008
0.434	-1.724	0.012
0.276	-1.47	0.092
0.118	-1.286	0.194
0.158	-1.15	0.054
0.184	-1.1	0.044
0.052	-0.9	0.052
0.222	-0.758	-0.052
0.434	-0.806	-0.148
0.444	-0.876	-0.104
0.322	-0.928	-0.136
0.274	-0.966	-0.118
0.26	-0.996	-0.086
0.334	-1.018	-0.192
0.344	-1.026	-0.164
0.318	-1.042	-0.212
0.376	-1.042	-0.238
0.32	-1.024	-0.218
0.268	-1.018	-0.186
0.272	-0.988	-0.262
0.216	-0.948	-0.176
0.232	-0.924	-0.166
0.282	-0.9	-0.168
0.262	-0.884	-0.008
0.338	-0.866	0.054
0.314	-0.766	0.062
0.312	-0.708	0.152
0.464	-0.718	0.194
0.494	-0.896	0.198
0.46	-1.116	-0.048
0.406	-1.176	-0.342
0.38	-1.178	-0.358
0.346	-1.126	-0.346
0.504	-0.942	-0.166
0.542	-0.932	-0.026
0.446	-0.882	0
0.41	-0.872	-0.062
0.39	-0.99	0.216
0.298	-0.968	0.318
0.414	-0.918	0.148
0.548	-1.028	-0.024
0.448	-1.37	0.02
0.368	-1.724	-0.048
0.496	-1.88	0.008
0.554	-1.89	-0.104
0.328	-1.572	-0.368
0.102	-0.99	-0.348
-0.104	-0.642	-0.488
-0.408	-0.048	-0.558
-0.672	0.488	-0.034
-0.082	-0.002	-0.424
-0.762	-0.87	0.282
-1.378	-0.836	0.3
-1.488	-0.086	-0.47
-0.232	0.686	-0.882
-0.418	0.618	-0.502
-0.546	0.53	-0.342
-0.44	0.458	-0.364
-0.764	0.592	-0.084
-0.634	0.97	-0.228
-0.472	1.082	-0.248
-0.584	1.044	-0.266
-0.668	0.968	-0.334
-0.712	0.954	-0.18
-0.626	0.882	-0.112
-0.558	0.752	-0.082
-0.58	0.578	-0.098
-0.624	0.406	-0.248
-0.64	0.288	-0.24
-0.618	0.136	-0.22
-0.614	0.014	-0.322
-0.666	-0.132	-0.306
-0.582	-0.36	-0.35
-0.528	-0.486	-0.406
-0.514	-0.672	-0.376
-0.456	-0.858	-0.356
-0.276	-1.058	-0.418
-0.152	-1.174	-0.402
0.048	-1.214	-0.266
0.23	-1.458	-0.014
0.198	-1.518	0.196
0.43	-2.366	-0.32
-0.262	-1.436	0.04
0.522	-0.972	-0.006
0.49	-1.086	0.032
0.16	-1.316	0.092
-0.008	-1.462	0.074
0.146	-1.708	-0.166
0.066	-1.864	-0.106
0.328	-1.718	-0.334
0.286	-1.626	-0.428
0.102	-1.312	-0.382
0.11	-1.09	-0.506
-0.06	-0.73	-0.024
-0.132	-0.374	-0.03
-0.25	0.066	0.028
-0.244	0.382	0.02
-0.208	0.774	0.09
-0.106	1.188	0.212
-0.208	1.304	0.516
0.068	1.462	0.568
-0.2	1.282	0.526
-0.244	1.1	0.47
-0.232	1.064	0.418
-0.178	1.082	0.38
-0.038	1.184	0.422
0.126	1.454	0.72
0.164	1.426	1.012
0.01	1.178	0.888
0.036	0.786	0.476
-0.118	0.346	0.14
-0.288	-0.126	-0.294
-0.39	-0.284	-0.378
-0.406	-0.448	-0.376
-0.304	-0.592	-0.4
-0.282	-0.75	-0.334
-0.18	-0.96	-0.326
0.004	-1.216	-0.41
0.028	-1.432	-0.218
0.142	-1.704	-0.176
0.118	-1.646	-0.056
0.176	-1.552	0.048
0.364	-1.534	0.216
0.48	-1.446	-0.14
0.278	-1.212	-0.174
0.47	-1.508	-0.024
0.224	-1.708	0.08
0.076	-1.738	-0.012
0.112	-1.664	-0.356
0.066	-1.214	-0.368
0.116	-1.116	-0.454
0.042	-0.752	-0.444
-0.294	-0.628	-0.3
-0.444	-0.462	-0.172
-0.522	-0.07	-0.116
-0.602	0.23	-0.152
-0.664	0.54	-0.102
-0.686	0.88	0.042
-0.59	1.048	-0.006
-0.644	1.072	-0.04
-0.638	0.886	-0.034
-0.632	0.774	0.02
-0.544	0.836	-0.012
-0.546	0.86	-0.014
-0.552	0.866	-0.032
-0.598	0.814	-0.054
-0.656	0.764	-0.026
-0.732	0.654	-0.004
-0.842	0.622	-0.05
-0.816	0.632	-0.082
-0.75	0.566	0.092
-0.77	0.48	0.106
-0.646	0.346	-0.01
-0.71	0.168	0.012
-0.646	-0.188	-0.232
-0.554	-0.428	-0.224
-0.502	-0.48	-0.23
-0.284	-0.72	-0.302
0.098	-1.038	-0.362
0.232	-1.308	-0.206
0.336	-1.666	-0.062
0.15	-1.768	0.048
0.348	-1.778	-0.128
0.544	-1.74	-0.518
0.51	-1.826	-0.288
0.216	-1.918	-0.05
0.152	-1.762	-0.23
0.188	-1.636	-0.424
0.086	-1.518	-0.404
0.074	-1.338	-0.32
0.02	-1.052	-0.36
-0.212	-0.798	-0.17
-0.238	-0.538	-0.084
-0.254	-0.204	-0.124
-0.184	0.42	0.1
-0.274	0.994	0.026
-0.498	1.28	0.184
-0.22	1.416	0.234
-0.394	1.336	0.282
-0.428	1.112	0.224
-0.34	1.036	0.14
-0.348	1.02	0.17
-0.33	1.01	0.184
-0.296	1.024	0.176
-0.302	0.99	0.24
-0.38	0.972	0.256
-0.458	0.974	0.218
-0.496	0.966	0.254
-0.464	0.966	0.25
-0.48	0.852	0.216
-0.426	0.59	0.18
-0.316	0.204	0.084
-0.298	-0.226	-0.116
-0.286	-0.618	-0.27
-0.058	-1.004	-0.344
0.208	-1.354	-0.4
0.376	-1.698	-0.456
0.212	-1.888	-0.188
0.148	-1.762	-0.036
0.352	-1.63	-0.122
0.548	-1.708	-0.284
0.384	-1.31	-0.254
0.568	-1.532	-0.366
0.146	-1.84	0.102
0.346	-1.896	-0.306
0.412	-1.866	-0.472
0.216	-1.636	-0.268
0.35	-1.41	-0.576
0.178	-1.204	-0.402
0.052	-0.722	-0.1
0.028	-0.158	-0.112
0	0.408	0.096
-0.442	0.684	0.176
-0.322	0.97	0.032
-0.194	1.242	0.12
-0.1	1.348	0.44
-0.146	1.308	0.462
-0.212	1.21	0.43
-0.122	1.154	0.412
-0.09	1.154	0.372
-0.094	1.132	0.358
-0.162	1.146	0.438
-0.066	1.284	0.538
-0.134	1.334	0.628
-0.15	1.288	0.6
-0.162	1.144	0.536
-0.19	0.874	0.458
-0.108	0.558	0.182
-0.08	0.206	-0.024
-0.19	-0.442	-0.19
-0.176	-0.536	-0.258
-0.324	-0.814	-0.32
-0.262	-1.062	-0.292
0.02	-1.368	-0.378
0.098	-1.584	-0.368
0.036	-1.784	-0.326
-0.002	-1.646	-0.096
0.23	-1.512	0.002
0.572	-1.62	-0.084
0.418	-1.608	-0.248
0.402	-1.656	-0.278
0.194	-1.792	-0.238
0.03	-1.886	-0.104
0.118	-1.732	-0.246
0.296	-1.558	-0.49
0.228	-1.304	-0.348
0.014	-1.034	-0.352
-0.126	-0.79	-0.234
-0.184	-0.382	-0.232
-0.158	0.078	-0.026
-0.254	0.538	0.132
-0.048	1.078	0.034
0.168	1.486	0.22
-0.008	1.632	0.638
-0.25	1.45	0.656
-0.256	1.34	0.54
-0.196	1.234	0.37
-0.258	1.23	0.314
-0.258	1.198	0.362
-0.226	1.134	0.41
-0.246	0.988	0.41
-0.324	0.806	0.298
-0.308	0.638	0.232
-0.356	0.394	0.092
-0.338	0.15	-0.106
-0.37	-0.044	-0.212
-0.466	-0.35	-0.274
-0.318	-0.604	-0.362
-0.162	-0.79	-0.384
-0.028	-1.048	-0.354
0.358	-1.492	-0.486
0.352	-1.95	-0.248
0.184	-1.954	-0.118
0.222	-1.87	-0.252
0.298	-1.746	-0.052
0.37	-1.646	-0.08
0.204	-1.716	-0.148
0.18	-1.944	-0.192
0.146	-2.052	-0.172
0.132	-1.886	-0.412
0.136	-1.478	-0.368
0.236	-1.104	-0.38
0.016	-0.644	-0.014
-0.062	-0.054	-0.028
-0.068	0.412	-0.08
-0.28	0.626	0.044
-0.376	0.908	0.028
-0.414	1.04	0.134
-0.316	1.092	0.312
-0.164	1.304	0.256
-0.172	1.374	0.402
-0.164	1.358	0.464
-0.134	1.348	0.412
-0.138	1.348	0.402
-0.092	1.258	0.384
-0.22	1.192	0.398
-0.214	1.092	0.402
-0.202	0.936	0.424
-0.298	0.822	0.318
-0.252	0.614	0.108
-0.246	0.302	-0.022
-0.284	-0.088	-0.086
-0.316	-0.402	-0.202
-0.412	-0.698	-0.104
-0.252	-0.94	-0.196
-0.108	-1.124	-0.292
-0.152	-1.4	-0.222
0.214	-1.732	-0.406
0.076	-1.692	0.014
0.366	-1.86	0.036
0.212	-1.822	0.278
0.138	-1.752	0.164
0.142	-1.656	0.104
0.208	-1.69	-0.036
0.232	-1.846	-0.308
-0.112	-1.868	0.02
0.008	-1.832	-0.144
0.088	-1.702	-0.216
-0.07	-1.12	0.044
0.008	-0.676	-0.164
-0.016	-0.114	-0.108
-0.046	0.146	-0.136
-0.052	0.65	-0.06
-0.132	0.914	0.082
-0.094	1.152	0.204
0.052	1.468	0.304
-0.028	1.434	0.632
0.028	1.346	0.734
0.002	1.244	0.762
0.038	1.23	0.444
0.038	1.23	0.444
0.006	1.244	0.468
0.02	1.18	0.44
-0.022	1.134	0.49
-0.104	1.034	0.47
-0.142	0.768	0.296
-0.18	0.462	0.094
-0.194	0.08	-0.08
-0.288	-0.18	-0.208
-0.344	-0.458	-0.266
-0.45	-0.734	-0.158
-0.36	-0.94	-0.224
-0.272	-1.124	-0.302
-0.126	-1.41	-0.426
0.14	-1.738	-0.462
0.162	-1.924	-0.262
-0.002	-1.7	-0.094
0.154	-1.588	-0.298
0.222	-1.574	-0.14
0.348	-1.798	-0.174
0.24	-2.024	-0.27
0.172	-2.068	-0.454
0.024	-1.894	-0.54
0.028	-1.318	-0.402
0.134	-0.942	-0.432
-0.024	-0.626	-0.188
-0.186	-0.336	-0.026
-0.268	0.094	-0.064
-0.362	0.44	0.092
-0.412	0.722	0.096
-0.376	0.93	0.036
-0.308	1.066	0.756
-0.172	1.182	0.778
-0.034	1.218	0.642
-0.1	1.144	0.73
-0.178	1.104	0.672
-0.146	1.11	0.532
-0.144	1.124	0.606
-0.142	1.122	0.572
-0.138	1.03	0.652
-0.26	0.922	0.378
-0.386	0.738	0.24
-0.326	0.53	0.008
-0.378	0.372	-0.182
-0.388	-0.014	-0.258
-0.38	-0.314	-0.328
-0.402	-0.48	-0.22
-0.316	-0.722	-0.19
-0.192	-0.956	-0.23
0.144	-1.694	-0.258
0.162	-1.856	-0.37
0.262	-1.938	-0.63
0.286	-1.888	-0.378
0.16	-1.906	0.02
0.274	-1.66	-0.306
0.406	-1.732	-0.276
0.27	-1.824	-0.078
0.18	-1.908	-0.442
-0.01	-1.726	-0.33
0.196	-1.436	-0.464
0.128	-1.264	-0.482
0.076	-1.064	-0.332
0.068	-0.724	-0.252
-0.022	-0.318	-0.048
0.13	0.326	0.194
0.236	1.124	0.284
0.102	1.468	0.752
0.038	1.49	0.922
-0.158	1.362	0.714
-0.174	1.268	0.62
-0.064	1.19	0.548
-0.01	1.226	0.544
0.07	1.354	0.582
0.16	1.468	0.592
0.092	1.268	0.594
0.048	1.146	0.52
-0.008	0.882	0.356
-0.014	0.632	0.268
-0.032	0.24	0.076
-0.136	-0.236	-0.076
-0.082	-0.598	-0.158
-0.18	-0.882	-0.144
-0.046	-1.15	-0.402
0.23	-1.528	-0.404
0.376	-2.126	-0.278
0.168	-2.226	-0.106
0.182	-1.834	-0.338
0.252	-1.608	-0.274
0.536	-1.572	-0.21
0.51	-1.722	-0.288
0.3	-2.066	-0.288
0.134	-2.34	-0.458
0.162	-2.08	-0.702
0.41	-1.934	-0.584
0.542	-1.65	-0.27
0.608	-1.072	-0.142
0.46	-0.132	0.008
0.316	0.474	0.31
0.114	0.762	0.474
-0.186	1.056	0.332
-0.224	1.138	0.31
-0.33	1.17	0.566
-0.292	1.222	0.626
-0.082	1.264	0.68
-0.12	1.23	0.708
-0.09	1.244	0.562
0.018	1.344	0.666
0.072	1.408	0.822
0.116	1.4	0.854
0.066	1.176	0.702
0	0.91	0.432
-0.026	0.704	0.268
-0.096	0.412	0.102
-0.056	0.064	-0.046
-0.064	-0.45	-0.17
-0.16	-0.756	-0.224
-0.146	-1.044	-0.308
-0.08	-1.454	-0.338
0.148	-2.03	-0.418
0.25	-2.134	-0.402
0.138	-2.052	-0.248
-0.13	-1.75	0.066
0.28	-1.416	-0.13
0.398	-1.446	-0.116
0.254	-1.738	-0.084
0.224	-1.898	-0.266
-0.056	-1.956	-0.332
0	-1.922	-0.384
0.098	-1.72	-0.372
0.078	-1.486	-0.422
0.054	-1.234	-0.196
0.074	-0.806	-0.1
0.032	-0.43	-0.02
0.384	0.152	0.146
0.472	1.102	0.504
0.678	1.642	0.372
-0.104	1.51	1.026
-0.156	1.494	0.836
-0.12	1.496	0.554
-0.186	1.414	0.578
0.004	1.416	0.536
0.016	1.38	0.58
0.024	1.25	0.558
-0.012	1.114	0.584
-0.074	0.984	0.342
-0.162	0.788	0.19
-0.208	0.64	0.116
-0.202	0.356	-0.008
-0.244	-0.034	-0.092
-0.242	-0.446	-0.178
-0.134	-0.718	-0.196
0.026	-1.06	-0.178
0.226	-1.418	-0.174
0.608	-1.982	-0.26
0.278	-2.066	0.036
0.126	-2.014	-0.252
0.286	-1.874	-0.274
0.502	-1.596	-0.086
0.492	-1.634	-0.22
0.426	-1.982	-0.072
0.318	-2.06	-0.112
0.106	-1.792	-0.39
0.166	-1.522	-0.446
0.212	-1.338	-0.384
0.268	-1.04	-0.466
0.004	-0.746	-0.158
0.022	-0.156	0
0.042	0.284	0.02
-0.048	0.72	0.19
-0.082	1.098	0.354
0.01	1.304	0.71
-0.192	1.298	0.878
-0.288	1.282	0.706
-0.268	1.262	0.576
-0.186	1.236	0.566
-0.122	1.25	0.576
-0.086	1.302	0.592
-0.056	1.284	0.666
-0.022	1.16	0.68
-0.018	0.996	0.62
-0.104	0.778	0.474
-0.192	0.534	0.264
-0.162	0.224	0.046
-0.258	-0.218	-0.064
-0.24	-0.438	-0.26
-0.064	-0.798	-0.238
-0.032	-1.208	-0.086
0.292	-1.538	-0.46
0.388	-2.104	-0.336
0.142	-2.414	-0.048
-0.138	-2.14	-0.252
0.142	-1.608	-0.194
0.728	-1.428	-0.268
0.824	-1.646	-0.206
0.402	-1.96	0.004
0.17	-2.086	0.014
0.124	-1.918	-0.09
0.196	-1.64	-0.39
0.128	-1.26	-0.318
0.11	-0.852	-0.162
0.05	-0.368	-0.048
0.1	0.132	0.142
-0.058	0.566	0.402
-0.156	0.852	0.408
-0.102	1.054	0.436
-0.364	1.116	0.492
-0.23	1.226	0.398
-0.058	1.366	0.702
-0.092	1.318	0.86
-0.068	1.262	0.818
0.006	1.24	0.71
-0.016	1.192	0.564
-0.116	1.122	0.492
-0.162	1.004	0.522
-0.228	0.858	0.486
-0.326	0.714	0.368
-0.294	0.528	0.23
-0.188	0.174	0.078
-0.192	-0.17	-0.092
-0.172	-0.502	-0.278
-0.14	-0.816	-0.318
-0.01	-1.122	-0.35
0.594	-1.628	-0.59
0.336	-1.966	-0.16
0.156	-2.304	-0.63
-0.194	-2.08	-0.504
-0.166	-1.564	-0.32
0.472	-1.52	-0.568
0.654	-1.826	-0.292
0.63	-2.228	-0.196
0.242	-2.14	-0.396
0.294	-1.746	-0.622
0.278	-1.278	-0.444
0.188	-0.764	-0.262
0.05	-0.306	-0.016
0.004	0.122	0.09
-0.164	0.366	0.112
-0.404	0.646	0.088
-0.408	0.938	-0.002
-0.51	1.072	0.164
-0.612	1.166	0.314
-0.448	1.264	0.204
-0.446	1.294	0.266
-0.322	1.3	0.288
-0.272	1.29	0.378
-0.16	1.348	0.38
-0.156	1.25	0.398
-0.24	1.132	0.382
-0.22	1.024	0.328
-0.368	0.774	0.266
-0.424	0.72	0.2
-0.404	0.55	0.09
-0.49	0.264	0.046
-0.516	0.08	-0.134
-0.452	-0.088	-0.15
-0.388	-0.314	-0.16
-0.294	-0.548	-0.28
-0.344	-0.842	-0.228
-0.172	-1.246	-0.208
0.172	-1.8	-0.32
-0.072	-2.058	-0.18
-0.05	-2.058	-0.46
-0.076	-1.844	-0.118
0.104	-1.824	0.106
0.33	-1.898	0.006
0.332	-2.034	-0.182
-0.002	-1.964	-0.152
0.058	-1.612	-0.368
0.012	-1.376	-0.358
0.168	-1.006	-0.324
0.032	-0.56	-0.29
-0.324	-0.15	0.056
-0.104	0.362	0.286
-0.186	0.894	0.356
-0.11	1.208	0.206
-0.022	1.366	0.202
-0.234	1.304	0.232
-0.3	1.346	0.066
-0.234	1.342	0.248
-0.21	1.446	0.386
-0.04	1.55	0.286
-0.036	1.502	0.314
0.078	1.472	0.352
0.27	1.304	0.362
0.134	1.01	0.382
0.018	0.8	0.258
0.074	0.668	0.052
-0.102	0.284	0.138
-0.224	0	-0.028
-0.458	-0.312	-0.166
-0.584	-0.644	-0.084
-0.822	-0.944	-0.202
-0.25	-1.058	-0.342
0.414	-1.384	-0.404
0.54	-1.81	-0.276
0.458	-1.92	-0.126
0.456	-1.8	0.244
0.506	-1.986	-0.078
0.446	-2.054	-0.098
0.212	-1.958	-0.264
0.116	-2.01	-0.408
0.108	-2.014	-0.278
0.288	-1.802	-0.278
0.29	-1.63	-0.386
0.002	-1.16	0.1
0.136	-0.594	-0.13
0.208	0.044	-0.064
0.128	0.572	0.322
-0.256	0.886	0.202
0.006	1.416	0.17
-0.108	1.542	0.48
-0.328	1.518	0.478
-0.352	1.414	0.346
-0.5	1.07	0.372
-0.508	0.976	0.456
-0.482	1.072	0.42
-0.462	1.206	0.4
-0.362	1.272	0.346
-0.344	1.09	0.314
-0.27	0.846	0.272
-0.236	0.61	0.214
-0.354	0.176	0.176
-0.366	-0.07	-0.024
-0.426	-0.272	-0.13
-0.552	-0.47	-0.12
-0.262	-0.738	-0.444
-0.16	-1.12	-0.288
0.052	-1.636	-0.09
0.188	-2.156	-0.254
-0.084	-2.284	-0.134
-0.12	-2.098	-0.128
0.21	-1.966	-0.38
0.254	-1.97	-0.196
0.426	-2	-0.494
0.082	-1.864	-0.448
-0.012	-1.534	-0.372
0.126	-1.174	-0.462
-0.014	-0.77	-0.206
-0.08	-0.37	-0.186
-0.252	0.25	-0.178
-0.44	0.722	-0.078
-0.37	0.826	-0.078
-0.41	1.002	-0.068
-0.426	1.154	0.15
-0.218	1.236	0.252
-0.392	1.138	0.28
-0.378	1.052	0.228
-0.362	0.994	0.18
-0.398	0.998	0.164
-0.32	1.096	0.228
-0.338	1.214	0.282
-0.338	1.214	0.282
-0.38	1.288	0.346
-0.298	1.278	0.318
-0.258	1.106	0.314
-0.184	0.722	0.194
-0.144	0.156	0.068
-0.086	-0.24	-0.03
-0.046	-0.67	-0.112
0.17	-1.036	-0.18
0.39	-1.868	-0.054
0.252	-2.898	-0.02
-0.336	-2.854	-0.172
-0.376	-1.912	-0.292
-0.19	-1.564	-0.102
0.488	-1.56	-0.052
0.528	-1.792	-0.03
0.194	-2.048	-0.094
-0.202	-2.086	-0.204
0.122	-1.828	-0.712
0.116	-1.568	-0.44
0.19	-1.262	-0.308
0.168	-0.902	-0.158
0.254	0.086	-0.22
0.306	0.906	0.076
0.154	1.32	0.354
-0.11	1.316	0.418
-0.25	1.296	0.456
-0.292	1.276	0.328
-0.24	1.236	0.32
-0.158	1.282	0.364
-0.112	1.354	0.334
-0.07	1.446	0.346
-0.118	1.408	0.366
-0.144	1.266	0.326
-0.222	1.108	0.344
-0.198	0.902	0.18
-0.324	0.672	0.164
-0.292	0.46	0.026
-0.22	0.274	-0.054
-0.274	-0.066	-0.032
-0.144	-0.468	-0.18
-0.182	-0.784	-0.248
-0.208	-0.998	-0.174
0.402	-1.48	-0.516
0.424	-2.218	-0.256
0.096	-2.576	-0.354
-0.112	-2.116	-0.716
0.036	-1.7	-0.608
0.472	-1.624	-0.32
0.476	-1.824	-0.25
0.188	-2.026	-0.138
0.15	-2.188	-0.194
0.24	-2.042	-0.262
0.448	-1.404	-0.488
0.314	-0.746	-0.298
0.066	-0.124	-0.122
-0.044	0.498	-0.092
-0.22	0.928	0.032
-0.544	0.832	0.054
-0.53	0.824	0.028
-0.492	0.896	0.088
-0.436	0.932	0.076
-0.272	1.124	0.236
-0.268	1.188	0.37
-0.166	1.28	0.388
-0.148	1.346	0.454
-0.214	1.312	0.448
-0.142	1.324	0.342
-0.214	1.258	0.432
-0.204	1.166	0.39
-0.294	1	0.298
-0.348	0.814	0.186
-0.416	0.676	0.058
-0.432	0.378	-0.01
-0.382	0.244	-0.052
-0.266	-0.05	-0.16
-0.176	-0.298	-0.164
-0.048	-0.68	-0.13
0.018	-1.054	-0.232
0.124	-1.474	-0.346
0.304	-1.706	-0.282
0.262	-1.95	-0.188
0.342	-1.91	-0.518
0.432	-1.67	-0.464
0.342	-2.014	0.33
0.346	-1.578	0.036
0.066	-1.26	-0.078
-0.058	-0.91	-0.07
-0.018	-0.612	-0.046
-0.104	-0.622	-0.196
-0.142	-0.766	-0.35
0.012	-1.028	-0.468
-0.152	-1.164	-0.254
-0.136	-1.09	-0.396
-0.092	-0.984	-0.438
-0.102	-0.978	-0.334
-0.054	-0.976	-0.166
-0.088	-0.946	-0.138
-0.132	-0.892	-0.116
-0.186	-0.884	-0.17
-0.186	-0.884	-0.17
-0.206	-0.904	-0.236
-0.186	-0.898	-0.254
-0.186	-0.896	-0.262
-0.216	-0.916	-0.274
-0.192	-0.924	-0.288
-0.198	-0.932	-0.258
-0.208	-0.956	-0.276
-0.196	-0.952	-0.31
-0.182	-0.96	-0.314
-0.182	-0.98	-0.292
-0.18	-0.994	-0.308
-0.168	-0.976	-0.336
-0.166	-0.952	-0.3
-0.156	-0.93	-0.266
-0.13	-0.92	-0.26
-0.134	-0.944	-0.23
-0.136	-0.958	-0.228
-0.108	-1.008	-0.256
-0.15	-1.05	-0.25
-0.17	-1.072	-0.254
-0.156	-1.068	-0.258
-0.148	-1.002	-0.302
-0.146	-0.93	-0.308
-0.124	-0.906	-0.292
-0.118	-0.896	-0.272
-0.144	-0.9	-0.24
-0.136	-0.916	-0.198
-0.126	-0.938	-0.18
-0.126	-0.978	-0.16
-0.12	-1.048	-0.198
-0.17	-1.17	-0.328
-0.236	-1.228	-0.29
-0.182	-1.302	-0.34
-0.13	-1.342	-0.416
-0.084	-1.372	-0.456
-0.146	-1.36	-0.502
-0.24	-1.286	-0.544
-0.406	-1.236	-0.568
-0.45	-1.106	-0.492
-0.4	-0.674	-0.512
-0.35	-0.388	-0.534
-0.322	-0.092	-0.502
-0.222	0.2	-0.434
-0.048	0.438	-0.324
0.198	0.528	-0.172
0.348	0.538	-0.244
0.532	0.558	-0.04
0.888	0.762	-0.038
0.888	0.762	-0.038
0.84	0.75	0.082
0.73	0.67	0.368
0.626	0.568	0.556
0.606	0.462	0.578
0.54	0.404	0.628
0.572	0.454	0.722
0.67	0.48	0.988
0.58	0.48	1.552
0.924	0.558	0.76
0.496	0.19	0.498
-0.634	0.736	1.072
0.528	1.088	1.574
-0.046	0.484	0.86
-0.176	0.084	0.698
0.166	0.074	0.382
0.038	0.376	0.25
0.044	0.504	0.564
0.118	0.506	1.068
0.554	0.404	1.696
0.446	0.728	1.292
0.108	0.872	1.018
0.03	0.768	1.03
-0.064	0.754	1.378
-0.154	0.754	1.12
-0.19	0.702	0.744
-0.258	0.59	0.536
-0.156	0.35	0.812
0.124	0.282	0.924
0.12	0.184	0.836
0.182	0.076	0.606
0.252	0.016	0.46
0.298	-0.018	0.388
0.436	-0.112	0.516
0.582	-0.26	0.67
0.674	-0.334	0.706
0.618	-0.464	0.952
0.606	-0.494	1.078
0.654	-0.468	0.95
0.652	-0.482	1.064
0.578	-0.392	0.87
0.538	-0.196	0.738
0.45	-0.1	0.688
0.44	-0.118	0.802
0.37	-0.17	0.94
0.508	-0.328	1.062
0.466	-0.414	1.312
0.514	-0.428	1.206
0.48	-0.542	1.272
0.442	-0.584	1.208
0.4	-0.56	1.088
0.356	-0.53	0.972
0.378	-0.422	0.878
0.452	-0.378	0.89
0.46	-0.436	1.342
0.38	-0.362	1.482
0.36	-0.154	1.176
0.248	0.06	0.76
0.106	0.156	0.578
0.034	0.154	0.488
-0.062	0.128	0.38
-0.018	0.032	0.354
0.186	-0.114	0.258
0.376	-0.296	0.042
0.52	-0.532	-0.118
0.91	-0.786	0.084
1.124	-0.888	0.11
1.246	-0.922	0.044
1.15	-0.848	0.05
1.096	-0.784	0.052
1.17	-0.724	-0.01
1.118	-0.578	-0.042
1.172	-0.42	0.028
1.224	-0.206	0.092
1.192	-0.046	0.164
1.12	-0.026	0.244
1.148	-0.126	0.414
1.452	-0.454	0.458
1.698	-0.776	0.394
1.5	-0.996	0.384
1.198	-1.082	0.32
1.266	-1.072	0.236
1.104	-1.018	0.3
0.888	-0.812	0.376
1.018	-0.704	0.464
0.866	-0.536	0.468
0.636	-0.358	0.484
0.628	-0.206	0.514
0.602	-0.016	0.486
0.326	0.202	0.422
0.486	0.11	0.75
0.374	0.136	0.868
0.316	0.236	0.742
0.312	0.296	0.866
0.302	0.316	0.984
0.444	0.29	0.962
0.544	0.362	0.788
0.314	0.332	0.666

Activity Name: Walk/whc
Left,Front
2014-09-24 20:42:49
x	y	z
-0.1549	-0.9027	-0.2956
-0.1284	-0.8857	-0.2861
-0.1284	-0.9112	-0.3041
-0.1445	-0.9330	-0.3239
-0.1350	-0.9065	-0.2795
-0.1124	-0.8924	-0.2691
-0.0916	-0.8697	-0.2502
-0.0378	-0.8272	-0.1889
0.0028	-0.7498	-0.1275
0.1114	-0.7025	-0.0916
0.2181	-0.6081	-0.1851
0.3919	-0.5760	-0.1936
0.5175	-0.6534	-0.1180
0.6497	-0.8008	-0.2805
0.8036	-0.7630	-0.2984
0.9452	-0.7592	-0.4306
1.1586	-0.7677	-0.2965
1.0633	-0.8848	-0.2814
0.9594	-0.8924	-0.4051
0.8489	-0.8584	-0.3777
0.7998	-0.8395	-0.3720
0.7668	-0.8045	-0.3409
0.7507	-0.8045	-0.2738
0.8442	-0.8470	-0.2842
0.8754	-0.7696	-0.2795
0.8111	-0.6619	-0.2191
0.8140	-0.6289	-0.1700
0.8791	-0.6308	-0.1653
0.9443	-0.6138	-0.1605
0.9547	-0.5430	-0.1360
0.9622	-0.4693	-0.0982
1.0076	-0.4117	-0.0907
0.9811	-0.3664	-0.1124
0.9150	-0.3664	-0.1001
0.8990	-0.3636	-0.0869
0.8754	-0.3041	-0.0642
0.8602	-0.3107	-0.0368
0.9575	-0.3097	-0.0491
0.9821	-0.2956	-0.0604
0.8754	-0.3144	-0.0047
0.7668	-0.3333	0.0331
0.7101	-0.3399	0.0217
0.7394	-0.3522	0.0161
0.8008	-0.3900	0.0113
0.8347	-0.4297	0.0208
0.8074	-0.4627	0.0567
0.8640	-0.4995	0.0718
0.9849	-0.5184	0.0529
1.0264	-0.4910	0.0028
1.0840	-0.5354	-0.0085
1.1265	-0.5902	0.0000
1.0151	-0.5505	0.0113
1.0689	-0.5562	-0.0387
1.2691	-0.5382	-0.1076
1.1841	-0.4202	-0.1105
0.9433	-0.3296	-0.0774
0.8593	-0.3239	-0.0614
0.8640	-0.3636	-0.0982
0.8517	-0.3343	-0.1511
0.7998	-0.2842	-0.1218
0.7007	-0.2512	-0.0944
0.7177	-0.2578	-0.1105
0.8300	-0.2720	-0.1445
0.9330	-0.3059	-0.1369
0.9849	-0.3862	-0.0916
1.0557	-0.4769	-0.0151
1.0340	-0.4466	0.0331
0.9849	-0.4051	0.0567
1.0529	-0.4457	0.0595
1.0151	-0.4466	0.0538
0.8527	-0.3636	0.0869
0.6903	-0.2984	0.0755
0.6421	-0.3362	0.0538
0.7139	-0.4372	0.0208
0.7847	-0.4769	0.0368
0.7781	-0.4344	0.0963
0.8310	-0.4533	0.0935
0.9736	-0.5250	0.0595
1.0538	-0.5600	-0.0094
1.1483	-0.5958	-0.0378
1.2153	-0.6213	-0.0368
1.0907	-0.5581	-0.0944
1.0585	-0.4778	-0.1822
1.0283	-0.3872	-0.2408
0.9783	-0.3475	-0.1936
0.9707	-0.3324	-0.1350
0.9698	-0.3560	-0.1322
0.9292	-0.3551	-0.1303
0.8744	-0.3173	-0.1124
0.7941	-0.2720	-0.0642
0.6856	-0.2361	-0.0378
0.7082	-0.2880	-0.0425
0.7838	-0.3144	-0.0548
0.8839	-0.3522	-0.0774
1.0236	-0.4240	-0.0840
1.1171	-0.5071	-0.0321
1.0349	-0.5137	0.0415
1.0557	-0.4051	0.0312
1.0340	-0.3286	-0.0236
0.8574	-0.3211	-0.0189
0.7092	-0.3664	0.0085
0.6978	-0.4353	-0.0009
0.7460	-0.4844	-0.0009
0.7960	-0.4882	0.0151
0.7705	-0.4844	0.0718
0.7583	-0.4910	0.0746
0.9065	-0.5373	0.0378
1.0198	-0.5430	-0.0274
1.0765	-0.5590	-0.0642
1.0689	-0.5958	-0.0236
1.1360	-0.6506	-0.0604
1.3305	-0.6648	-0.1860
1.3126	-0.5326	-0.2238
1.0529	-0.3720	-0.1398
0.8602	-0.3362	-0.0699
0.8385	-0.3692	-0.0982
0.8650	-0.4089	-0.1681
0.8470	-0.3673	-0.1983
0.7403	-0.2814	-0.1804
0.6676	-0.2531	-0.1634
0.7479	-0.2956	-0.1860
0.8461	-0.3248	-0.2153
0.8225	-0.3787	-0.1889
0.8338	-0.4825	-0.1426
0.9018	-0.5203	-0.1001
1.0755	-0.5902	-0.0302
1.1445	-0.5779	0.0614
1.0038	-0.4873	0.1662
0.8159	-0.3702	0.2597
0.7460	-0.2880	0.2351
0.7668	-0.3513	0.1511
0.8423	-0.4476	0.1237
0.8687	-0.4750	0.1350
0.8244	-0.4542	0.1322
0.9027	-0.5071	0.0963
1.0189	-0.5127	0.0038
1.0453	-0.4769	-0.0822
1.0567	-0.5061	-0.0765
1.0567	-0.5817	-0.0793
1.0538	-0.5968	-0.1180
1.2314	-0.6195	-0.1681
1.2351	-0.5364	-0.1728
1.0331	-0.4089	-0.1133
0.9065	-0.3296	-0.0595
0.8839	-0.3362	-0.0746
0.8914	-0.3258	-0.1095
0.8499	-0.2918	-0.1029
0.7167	-0.2493	-0.0699
0.6025	-0.2332	-0.0680
0.6497	-0.2956	-0.0916
0.7611	-0.3182	-0.1143
0.8876	-0.3966	-0.1048
1.0076	-0.4901	-0.0614
1.1416	-0.5515	-0.0113
1.1067	-0.5109	0.0746
1.1058	-0.3900	0.0831
1.1180	-0.3673	0.1010
0.9594	-0.3522	0.0746
0.7932	-0.3645	0.0415
0.7280	-0.4070	0.0076
0.7554	-0.4693	-0.0302
0.8263	-0.5156	-0.0227
0.8338	-0.5024	0.0066
0.7668	-0.4901	0.0529
0.8083	-0.5024	0.0831
0.9207	-0.4844	0.0585
0.9433	-0.4193	0.0161
1.0331	-0.4391	-0.0113
1.2776	-0.5250	-0.0378
1.2672	-0.5061	-0.0264
0.9707	-0.4164	-0.0472
1.0803	-0.4164	-0.1398
1.2616	-0.4202	-0.2380
1.1549	-0.4457	-0.2691
1.0123	-0.5203	-0.2455
